Name	Frequency	Approximate	Number	Rank
MARY	2.629	3,991,060	1
PATRICIA	1.073	1,628,911	2
LINDA	1.035	1,571,224	3
BARBARA	0.98	1,487,729	4
ELIZABETH	0.937	1,422,451	5
JENNIFER	0.932	1,414,861	6
MARIA	0.828	1,256,979	7
SUSAN	0.794	1,205,364	8
MARGARET	0.768	1,165,894	9
DOROTHY	0.727	1,103,652	10
LISA	0.704	1,068,736	11
NANCY	0.669	1,015,603	12
KAREN	0.667	1,012,567	13
BETTY	0.666	1,011,048	14
HELEN	0.663	1,006,494	15
SANDRA	0.629	954,879	16
DONNA	0.583	885,047	17
CAROL	0.565	857,721	18
RUTH	0.562	853,167	19
SHARON	0.522	792,443	20
MICHELLE	0.519	787,889	21
LAURA	0.51	774,226	22
SARAH	0.508	771,190	23
KIMBERLY	0.504	765,118	24
DEBORAH	0.494	749,937	25
JESSICA	0.49	743,864	26
SHIRLEY	0.482	731,720	27
CYNTHIA	0.469	711,985	28
ANGELA	0.468	710,466	29
MELISSA	0.462	701,358	30
BRENDA	0.455	690,731	31
AMY	0.451	684,659	32
ANNA	0.44	667,960	33
REBECCA	0.43	652,779	34
VIRGINIA	0.43	652,779	35
KATHLEEN	0.424	643,670	36
PAMELA	0.416	631,526	37
MARTHA	0.412	625,453	38
DEBRA	0.408	619,381	39
AMANDA	0.404	613,309	40
STEPHANIE	0.4	607,236	41
CAROLYN	0.385	584,465	42
CHRISTINE	0.382	579,911	43
MARIE	0.379	575,356	44
JANET	0.379	575,356	45
CATHERINE	0.373	566,248	46
FRANCES	0.37	561,694	47
ANN	0.364	552,585	48
JOYCE	0.364	552,585	49
DIANE	0.359	544,995	50
ALICE	0.357	541,958	51
JULIE	0.348	528,296	52
HEATHER	0.337	511,597	53
TERESA	0.336	510,078	54
DORIS	0.335	508,560	55
GLORIA	0.335	508,560	56
EVELYN	0.322	488,825	57
JEAN	0.315	478,199	58
CHERYL	0.315	478,199	59
MILDRED	0.313	475,162	60
KATHERINE	0.313	475,162	61
JOAN	0.306	464,536	62
ASHLEY	0.303	459,981	63
JUDITH	0.297	450,873	64
ROSE	0.296	449,355	65
JANICE	0.285	432,656	66
KELLY	0.283	429,620	67
NICOLE	0.281	426,583	68
JUDY	0.276	418,993	69
CHRISTINA	0.275	417,475	70
KATHY	0.272	412,921	71
THERESA	0.271	411,403	72
BEVERLY	0.267	405,330	73
DENISE	0.264	400,776	74
TAMMY	0.259	393,185	75
IRENE	0.252	382,559	76
JANE	0.25	379,523	77
LORI	0.248	376,486	78
RACHEL	0.242	367,378	79
MARILYN	0.241	365,860	80
ANDREA	0.236	358,269	81
KATHRYN	0.234	355,233	82
LOUISE	0.229	347,643	83
SARA	0.229	347,643	84
ANNE	0.228	346,125	85
JACQUELINE	0.228	346,125	86
WANDA	0.226	343,089	87
BONNIE	0.223	338,534	88
JULIA	0.223	338,534	89
RUBY	0.221	335,498	90
LOIS	0.22	333,980	91
TINA	0.22	333,980	92
PHYLLIS	0.219	332,462	93
NORMA	0.218	330,944	94
PAULA	0.217	329,426	95
DIANA	0.216	327,908	96
ANNIE	0.216	327,908	97
LILLIAN	0.211	320,317	98
EMILY	0.208	315,763	99
ROBIN	0.208	315,763	100
PEGGY	0.208	315,763	101
CRYSTAL	0.207	314,245	102
GLADYS	0.205	311,209	103
RITA	0.204	309,691	104
DAWN	0.202	306,654	105
CONNIE	0.2	303,618	106
FLORENCE	0.2	303,618	107
TRACY	0.197	299,064	108
EDNA	0.197	299,064	109
TIFFANY	0.195	296,028	110
CARMEN	0.195	296,028	111
ROSA	0.194	294,510	112
CINDY	0.192	291,473	113
GRACE	0.189	286,919	114
WENDY	0.185	280,847	115
VICTORIA	0.18	273,256	116
EDITH	0.179	271,738	117
KIM	0.178	270,220	118
SHERRY	0.178	270,220	119
SYLVIA	0.177	268,702	120
JOSEPHINE	0.177	268,702	121
THELMA	0.175	265,666	122
SHANNON	0.175	265,666	123
SHEILA	0.175	265,666	124
ETHEL	0.174	264,148	125
ELLEN	0.173	262,630	126
ELAINE	0.173	262,630	127
MARJORIE	0.173	262,630	128
CARRIE	0.171	259,594	129
CHARLOTTE	0.169	256,557	130
MONICA	0.166	252,003	131
ESTHER	0.166	252,003	132
PAULINE	0.165	250,485	133
EMMA	0.165	250,485	134
JUANITA	0.164	248,967	135
ANITA	0.162	245,931	136
RHONDA	0.162	245,931	137
HAZEL	0.161	244,413	138
AMBER	0.16	242,895	139
EVA	0.159	241,376	140
DEBBIE	0.157	238,340	141
APRIL	0.154	233,786	142
LESLIE	0.154	233,786	143
CLARA	0.153	232,268	144
LUCILLE	0.153	232,268	145
JAMIE	0.153	232,268	146
JOANNE	0.15	227,714	147
ELEANOR	0.15	227,714	148
VALERIE	0.149	226,196	149
DANIELLE	0.149	226,196	150
MEGAN	0.147	223,159	151
ALICIA	0.146	221,641	152
SUZANNE	0.145	220,123	153
MICHELE	0.145	220,123	154
GAIL	0.145	220,123	155
BERTHA	0.143	217,087	156
DARLENE	0.142	215,569	157
VERONICA	0.142	215,569	158
JILL	0.142	215,569	159
ERIN	0.141	214,051	160
GERALDINE	0.141	214,051	161
LAUREN	0.137	207,978	162
CATHY	0.137	207,978	163
JOANN	0.136	206,460	164
LORRAINE	0.135	204,942	165
LYNN	0.135	204,942	166
SALLY	0.135	204,942	167
REGINA	0.133	201,906	168
ERICA	0.13	197,352	169
BEATRICE	0.13	197,352	170
DOLORES	0.129	195,834	171
BERNICE	0.128	194,316	172
AUDREY	0.127	192,798	173
YVONNE	0.126	191,279	174
ANNETTE	0.125	189,761	175
JUNE	0.125	189,761	176
SAMANTHA	0.124	188,243	177
MARION	0.122	185,207	178
DANA	0.122	185,207	179
STACY	0.121	183,689	180
ANA	0.12	182,171	181
RENEE	0.12	182,171	182
IDA	0.118	179,135	183
VIVIAN	0.118	179,135	184
ROBERTA	0.117	177,617	185
HOLLY	0.117	177,617	186
BRITTANY	0.117	177,617	187
MELANIE	0.116	176,099	188
LORETTA	0.115	174,580	189
YOLANDA	0.115	174,580	190
JEANETTE	0.115	174,580	191
LAURIE	0.114	173,062	192
KATIE	0.113	171,544	193
KRISTEN	0.111	168,508	194
VANESSA	0.111	168,508	195
ALMA	0.111	168,508	196
SUE	0.111	168,508	197
ELSIE	0.11	166,990	198
BETH	0.11	166,990	199
JEANNE	0.109	165,472	200
VICKI	0.109	165,472	201
CARLA	0.107	162,436	202
TARA	0.107	162,436	203
ROSEMARY	0.107	162,436	204
EILEEN	0.105	159,400	205
TERRI	0.105	159,400	206
GERTRUDE	0.103	156,363	207
LUCY	0.103	156,363	208
TONYA	0.102	154,845	209
ELLA	0.101	153,327	210
STACEY	0.101	153,327	211
WILMA	0.099	150,291	212
GINA	0.099	150,291	213
KRISTIN	0.099	150,291	214
JESSIE	0.098	148,773	215
NATALIE	0.098	148,773	216
AGNES	0.098	148,773	217
VERA	0.098	148,773	218
WILLIE	0.097	147,255	219
CHARLENE	0.097	147,255	220
BESSIE	0.096	145,737	221
DELORES	0.095	144,219	222
MELINDA	0.094	142,701	223
PEARL	0.094	142,701	224
ARLENE	0.094	142,701	225
MAUREEN	0.092	139,664	226
COLLEEN	0.092	139,664	227
ALLISON	0.092	139,664	228
TAMARA	0.092	139,664	229
JOY	0.091	138,146	230
GEORGIA	0.091	138,146	231
CONSTANCE	0.091	138,146	232
LILLIE	0.09	136,628	233
CLAUDIA	0.09	136,628	234
JACKIE	0.09	136,628	235
MARCIA	0.09	136,628	236
TANYA	0.089	135,110	237
NELLIE	0.089	135,110	238
MINNIE	0.089	135,110	239
MARLENE	0.088	133,592	240
HEIDI	0.088	133,592	241
GLENDA	0.088	133,592	242
LYDIA	0.086	130,556	243
VIOLA	0.086	130,556	244
COURTNEY	0.086	130,556	245
MARIAN	0.086	130,556	246
STELLA	0.085	129,038	247
CAROLINE	0.085	129,038	248
DORA	0.084	127,520	249
JO	0.083	126,002	250
VICKIE	0.082	124,483	251
MATTIE	0.081	122,965	252
TERRY	0.08	121,447	253
MAXINE	0.079	119,929	254
IRMA	0.079	119,929	255
MABEL	0.078	118,411	256
MARSHA	0.078	118,411	257
MYRTLE	0.078	118,411	258
LENA	0.077	116,893	259
CHRISTY	0.077	116,893	260
DEANNA	0.076	115,375	261
PATSY	0.076	115,375	262
HILDA	0.075	113,857	263
GWENDOLYN	0.074	112,339	264
JENNIE	0.073	110,821	265
NORA	0.073	110,821	266
MARGIE	0.072	109,303	267
NINA	0.072	109,303	268
CASSANDRA	0.072	109,303	269
LEAH	0.072	109,303	270
PENNY	0.071	107,784	271
KAY	0.071	107,784	272
PRISCILLA	0.071	107,784	273
NAOMI	0.071	107,784	274
CAROLE	0.071	107,784	275
BRANDY	0.07	106,266	276
OLGA	0.07	106,266	277
BILLIE	0.069	104,748	278
DIANNE	0.069	104,748	279
TRACEY	0.069	104,748	280
LEONA	0.069	104,748	281
JENNY	0.068	103,230	282
FELICIA	0.068	103,230	283
SONIA	0.068	103,230	284
MIRIAM	0.066	100,194	285
VELMA	0.066	100,194	286
BECKY	0.066	100,194	287
BOBBIE	0.065	98,676	288
VIOLET	0.065	98,676	289
KRISTINA	0.065	98,676	290
TONI	0.064	97,158	291
MISTY	0.063	95,640	292
MAE	0.063	95,640	293
SHELLY	0.062	94,122	294
DAISY	0.062	94,122	295
RAMONA	0.062	94,122	296
SHERRI	0.062	94,122	297
ERIKA	0.061	92,604	298
KATRINA	0.061	92,604	299
CLAIRE	0.061	92,604	300
LINDSEY	0.06	91,085	301
LINDSAY	0.06	91,085	302
GENEVA	0.059	89,567	303
GUADALUPE	0.059	89,567	304
BELINDA	0.059	89,567	305
MARGARITA	0.059	89,567	306
SHERYL	0.059	89,567	307
CORA	0.058	88,049	308
FAYE	0.058	88,049	309
ADA	0.057	86,531	310
NATASHA	0.057	86,531	311
SABRINA	0.057	86,531	312
ISABEL	0.057	86,531	313
MARGUERITE	0.056	85,013	314
HATTIE	0.056	85,013	315
HARRIET	0.056	85,013	316
MOLLY	0.055	83,495	317
CECILIA	0.055	83,495	318
KRISTI	0.055	83,495	319
BRANDI	0.055	83,495	320
BLANCHE	0.055	83,495	321
SANDY	0.055	83,495	322
ROSIE	0.055	83,495	323
JOANNA	0.055	83,495	324
IRIS	0.055	83,495	325
EUNICE	0.054	81,977	326
ANGIE	0.054	81,977	327
INEZ	0.053	80,459	328
LYNDA	0.053	80,459	329
MADELINE	0.052	78,941	330
AMELIA	0.052	78,941	331
ALBERTA	0.052	78,941	332
GENEVIEVE	0.051	77,423	333
MONIQUE	0.051	77,423	334
JODI	0.051	77,423	335
JANIE	0.051	77,423	336
MAGGIE	0.051	77,423	337
KAYLA	0.051	77,423	338
SONYA	0.051	77,423	339
JAN	0.051	77,423	340
LEE	0.051	77,423	341
KRISTINE	0.051	77,423	342
CANDACE	0.051	77,423	343
FANNIE	0.05	75,905	344
MARYANN	0.05	75,905	345
OPAL	0.05	75,905	346
ALISON	0.05	75,905	347
YVETTE	0.05	75,905	348
MELODY	0.05	75,905	349
LUZ	0.049	74,386	350
SUSIE	0.049	74,386	351
OLIVIA	0.049	74,386	352
FLORA	0.049	74,386	353
SHELLEY	0.049	74,386	354
KRISTY	0.048	72,868	355
MAMIE	0.048	72,868	356
LULA	0.048	72,868	357
LOLA	0.048	72,868	358
VERNA	0.048	72,868	359
BEULAH	0.048	72,868	360
ANTOINETTE	0.048	72,868	361
CANDICE	0.046	69,832	362
JUANA	0.046	69,832	363
JEANNETTE	0.046	69,832	364
PAM	0.046	69,832	365
KELLI	0.046	69,832	366
HANNAH	0.045	68,314	367
WHITNEY	0.045	68,314	368
BRIDGET	0.045	68,314	369
KARLA	0.044	66,796	370
CELIA	0.044	66,796	371
LATOYA	0.043	65,278	372
PATTY	0.043	65,278	373
SHELIA	0.043	65,278	374
GAYLE	0.043	65,278	375
DELLA	0.043	65,278	376
VICKY	0.043	65,278	377
LYNNE	0.043	65,278	378
SHERI	0.042	63,760	379
MARIANNE	0.042	63,760	380
KARA	0.041	62,242	381
JACQUELYN	0.041	62,242	382
ERMA	0.041	62,242	383
BLANCA	0.041	62,242	384
MYRA	0.04	60,724	385
LETICIA	0.04	60,724	386
PAT	0.04	60,724	387
KRISTA	0.04	60,724	388
ROXANNE	0.04	60,724	389
ANGELICA	0.039	59,206	390
JOHNNIE	0.039	59,206	391
ROBYN	0.039	59,206	392
FRANCIS	0.039	59,206	393
ADRIENNE	0.039	59,206	394
ROSALIE	0.039	59,206	395
ALEXANDRA	0.039	59,206	396
BROOKE	0.039	59,206	397
BETHANY	0.039	59,206	398
SADIE	0.039	59,206	399
BERNADETTE	0.039	59,206	400
TRACI	0.038	57,687	401
JODY	0.038	57,687	402
KENDRA	0.038	57,687	403
JASMINE	0.038	57,687	404
NICHOLE	0.038	57,687	405
RACHAEL	0.038	57,687	406
CHELSEA	0.038	57,687	407
MABLE	0.038	57,687	408
ERNESTINE	0.038	57,687	409
MURIEL	0.038	57,687	410
MARCELLA	0.037	56,169	411
ELENA	0.037	56,169	412
KRYSTAL	0.037	56,169	413
ANGELINA	0.037	56,169	414
NADINE	0.036	54,651	415
KARI	0.036	54,651	416
ESTELLE	0.036	54,651	417
DIANNA	0.036	54,651	418
PAULETTE	0.036	54,651	419
LORA	0.036	54,651	420
MONA	0.035	53,133	421
DOREEN	0.035	53,133	422
ROSEMARIE	0.035	53,133	423
ANGEL	0.035	53,133	424
DESIREE	0.035	53,133	425
ANTONIA	0.035	53,133	426
HOPE	0.034	51,615	427
GINGER	0.034	51,615	428
JANIS	0.034	51,615	429
BETSY	0.034	51,615	430
CHRISTIE	0.034	51,615	431
FREDA	0.034	51,615	432
MERCEDES	0.033	50,097	433
MEREDITH	0.033	50,097	434
LYNETTE	0.033	50,097	435
TERI	0.033	50,097	436
CRISTINA	0.033	50,097	437
EULA	0.033	50,097	438
LEIGH	0.032	48,579	439
MEGHAN	0.032	48,579	440
SOPHIA	0.032	48,579	441
ELOISE	0.032	48,579	442
ROCHELLE	0.032	48,579	443
GRETCHEN	0.032	48,579	444
CECELIA	0.032	48,579	445
RAQUEL	0.031	47,061	446
HENRIETTA	0.031	47,061	447
ALYSSA	0.031	47,061	448
JANA	0.031	47,061	449
KELLEY	0.031	47,061	450
GWEN	0.031	47,061	451
KERRY	0.031	47,061	452
JENNA	0.03	45,543	453
TRICIA	0.03	45,543	454
LAVERNE	0.03	45,543	455
OLIVE	0.03	45,543	456
ALEXIS	0.03	45,543	457
TASHA	0.03	45,543	458
SILVIA	0.029	44,025	459
ELVIRA	0.029	44,025	460
CASEY	0.029	44,025	461
DELIA	0.029	44,025	462
SOPHIE	0.029	44,025	463
KATE	0.029	44,025	464
PATTI	0.029	44,025	465
LORENA	0.029	44,025	466
KELLIE	0.029	44,025	467
SONJA	0.029	44,025	468
LILA	0.029	44,025	469
LANA	0.029	44,025	470
DARLA	0.029	44,025	471
MAY	0.029	44,025	472
MINDY	0.029	44,025	473
ESSIE	0.029	44,025	474
MANDY	0.029	44,025	475
LORENE	0.028	42,507	476
ELSA	0.028	42,507	477
JOSEFINA	0.028	42,507	478
JEANNIE	0.028	42,507	479
MIRANDA	0.028	42,507	480
DIXIE	0.028	42,507	481
LUCIA	0.028	42,507	482
MARTA	0.028	42,507	483
FAITH	0.028	42,507	484
LELA	0.028	42,507	485
JOHANNA	0.028	42,507	486
SHARI	0.028	42,507	487
CAMILLE	0.028	42,507	488
TAMI	0.027	40,988	489
SHAWNA	0.027	40,988	490
ELISA	0.027	40,988	491
EBONY	0.027	40,988	492
MELBA	0.027	40,988	493
ORA	0.027	40,988	494
NETTIE	0.027	40,988	495
TABITHA	0.027	40,988	496
OLLIE	0.027	40,988	497
JAIME	0.027	40,988	498
WINIFRED	0.027	40,988	499
KRISTIE	0.027	40,988	500
MARINA	0.027	40,988	501
ALISHA	0.027	40,988	502
AIMEE	0.027	40,988	503
RENA	0.027	40,988	504
MYRNA	0.026	39,470	505
MARLA	0.026	39,470	506
TAMMIE	0.026	39,470	507
LATASHA	0.026	39,470	508
BONITA	0.026	39,470	509
PATRICE	0.026	39,470	510
RONDA	0.026	39,470	511
SHERRIE	0.026	39,470	512
ADDIE	0.026	39,470	513
FRANCINE	0.025	37,952	514
DELORIS	0.025	37,952	515
STACIE	0.025	37,952	516
ADRIANA	0.025	37,952	517
CHERI	0.025	37,952	518
SHELBY	0.025	37,952	519
ABIGAIL	0.025	37,952	520
CELESTE	0.025	37,952	521
JEWEL	0.025	37,952	522
CARA	0.025	37,952	523
ADELE	0.025	37,952	524
REBEKAH	0.025	37,952	525
LUCINDA	0.025	37,952	526
DORTHY	0.025	37,952	527
CHRIS	0.024	36,434	528
EFFIE	0.024	36,434	529
TRINA	0.024	36,434	530
REBA	0.024	36,434	531
SHAWN	0.024	36,434	532
SALLIE	0.024	36,434	533
AURORA	0.024	36,434	534
LENORA	0.024	36,434	535
ETTA	0.024	36,434	536
LOTTIE	0.024	36,434	537
KERRI	0.024	36,434	538
TRISHA	0.024	36,434	539
NIKKI	0.024	36,434	540
ESTELLA	0.024	36,434	541
FRANCISCA	0.024	36,434	542
JOSIE	0.024	36,434	543
TRACIE	0.024	36,434	544
MARISSA	0.024	36,434	545
KARIN	0.024	36,434	546
BRITTNEY	0.024	36,434	547
JANELLE	0.024	36,434	548
LOURDES	0.024	36,434	549
LAUREL	0.024	36,434	550
HELENE	0.024	36,434	551
FERN	0.024	36,434	552
ELVA	0.024	36,434	553
CORINNE	0.024	36,434	554
KELSEY	0.024	36,434	555
INA	0.023	34,916	556
BETTIE	0.023	34,916	557
ELISABETH	0.023	34,916	558
AIDA	0.023	34,916	559
CAITLIN	0.023	34,916	560
INGRID	0.023	34,916	561
IVA	0.023	34,916	562
EUGENIA	0.023	34,916	563
CHRISTA	0.023	34,916	564
GOLDIE	0.023	34,916	565
CASSIE	0.023	34,916	566
MAUDE	0.023	34,916	567
JENIFER	0.023	34,916	568
THERESE	0.022	33,398	569
FRANKIE	0.022	33,398	570
DENA	0.022	33,398	571
LORNA	0.022	33,398	572
JANETTE	0.022	33,398	573
LATONYA	0.022	33,398	574
CANDY	0.022	33,398	575
MORGAN	0.022	33,398	576
CONSUELO	0.022	33,398	577
TAMIKA	0.022	33,398	578
ROSETTA	0.022	33,398	579
DEBORA	0.022	33,398	580
CHERIE	0.022	33,398	581
POLLY	0.022	33,398	582
DINA	0.022	33,398	583
JEWELL	0.021	31,880	584
FAY	0.021	31,880	585
JILLIAN	0.021	31,880	586
DOROTHEA	0.021	31,880	587
NELL	0.021	31,880	588
TRUDY	0.021	31,880	589
ESPERANZA	0.021	31,880	590
PATRICA	0.021	31,880	591
KIMBERLEY	0.021	31,880	592
SHANNA	0.021	31,880	593
HELENA	0.021	31,880	594
CAROLINA	0.021	31,880	595
CLEO	0.021	31,880	596
STEFANIE	0.021	31,880	597
ROSARIO	0.02	30,362	598
OLA	0.02	30,362	599
JANINE	0.02	30,362	600
MOLLIE	0.02	30,362	601
LUPE	0.02	30,362	602
ALISA	0.02	30,362	603
LOU	0.02	30,362	604
MARIBEL	0.02	30,362	605
SUSANNE	0.02	30,362	606
BETTE	0.019	28,844	607
SUSANA	0.019	28,844	608
ELISE	0.019	28,844	609
CECILE	0.019	28,844	610
ISABELLE	0.019	28,844	611
LESLEY	0.019	28,844	612
JOCELYN	0.019	28,844	613
PAIGE	0.019	28,844	614
JONI	0.019	28,844	615
RACHELLE	0.019	28,844	616
LEOLA	0.019	28,844	617
DAPHNE	0.019	28,844	618
ALTA	0.019	28,844	619
ESTER	0.019	28,844	620
PETRA	0.019	28,844	621
GRACIELA	0.019	28,844	622
IMOGENE	0.019	28,844	623
JOLENE	0.019	28,844	624
KEISHA	0.019	28,844	625
LACEY	0.018	27,326	626
GLENNA	0.018	27,326	627
GABRIELA	0.018	27,326	628
KERI	0.018	27,326	629
URSULA	0.018	27,326	630
LIZZIE	0.018	27,326	631
KIRSTEN	0.018	27,326	632
SHANA	0.018	27,326	633
ADELINE	0.018	27,326	634
MAYRA	0.018	27,326	635
JAYNE	0.018	27,326	636
JACLYN	0.018	27,326	637
GRACIE	0.018	27,326	638
SONDRA	0.018	27,326	639
CARMELA	0.018	27,326	640
MARISA	0.018	27,326	641
ROSALIND	0.018	27,326	642
CHARITY	0.018	27,326	643
TONIA	0.018	27,326	644
BEATRIZ	0.018	27,326	645
MARISOL	0.018	27,326	646
CLARICE	0.018	27,326	647
JEANINE	0.017	25,808	648
SHEENA	0.017	25,808	649
ANGELINE	0.017	25,808	650
FRIEDA	0.017	25,808	651
LILY	0.017	25,808	652
ROBBIE	0.017	25,808	653
SHAUNA	0.017	25,808	654
MILLIE	0.017	25,808	655
CLAUDETTE	0.017	25,808	656
CATHLEEN	0.017	25,808	657
ANGELIA	0.017	25,808	658
GABRIELLE	0.017	25,808	659
AUTUMN	0.017	25,808	660
KATHARINE	0.017	25,808	661
SUMMER	0.017	25,808	662
JODIE	0.017	25,808	663
STACI	0.017	25,808	664
LEA	0.017	25,808	665
CHRISTI	0.017	25,808	666
JIMMIE	0.017	25,808	667
JUSTINE	0.017	25,808	668
ELMA	0.017	25,808	669
LUELLA	0.017	25,808	670
MARGRET	0.017	25,808	671
DOMINIQUE	0.016	24,289	672
SOCORRO	0.016	24,289	673
RENE	0.016	24,289	674
MARTINA	0.016	24,289	675
MARGO	0.016	24,289	676
MAVIS	0.016	24,289	677
CALLIE	0.016	24,289	678
BOBBI	0.016	24,289	679
MARITZA	0.016	24,289	680
LUCILE	0.016	24,289	681
LEANNE	0.016	24,289	682
JEANNINE	0.016	24,289	683
DEANA	0.016	24,289	684
AILEEN	0.016	24,289	685
LORIE	0.016	24,289	686
LADONNA	0.016	24,289	687
WILLA	0.016	24,289	688
MANUELA	0.016	24,289	689
GALE	0.016	24,289	690
SELMA	0.016	24,289	691
DOLLY	0.016	24,289	692
SYBIL	0.016	24,289	693
ABBY	0.016	24,289	694
LARA	0.016	24,289	695
DALE	0.016	24,289	696
IVY	0.016	24,289	697
DEE	0.016	24,289	698
WINNIE	0.016	24,289	699
MARCY	0.016	24,289	700
LUISA	0.016	24,289	701
JERI	0.015	22,771	702
MAGDALENA	0.015	22,771	703
OFELIA	0.015	22,771	704
MEAGAN	0.015	22,771	705
AUDRA	0.015	22,771	706
MATILDA	0.015	22,771	707
LEILA	0.015	22,771	708
CORNELIA	0.015	22,771	709
BIANCA	0.015	22,771	710
SIMONE	0.015	22,771	711
BETTYE	0.015	22,771	712
RANDI	0.015	22,771	713
VIRGIE	0.015	22,771	714
LATISHA	0.015	22,771	715
BARBRA	0.015	22,771	716
GEORGINA	0.015	22,771	717
ELIZA	0.015	22,771	718
LEANN	0.015	22,771	719
BRIDGETTE	0.015	22,771	720
RHODA	0.014	21,253	721
HALEY	0.014	21,253	722
ADELA	0.014	21,253	723
NOLA	0.014	21,253	724
BERNADINE	0.014	21,253	725
FLOSSIE	0.014	21,253	726
ILA	0.014	21,253	727
GRETA	0.014	21,253	728
RUTHIE	0.014	21,253	729
NELDA	0.014	21,253	730
MINERVA	0.014	21,253	731
LILLY	0.014	21,253	732
TERRIE	0.014	21,253	733
LETHA	0.014	21,253	734
HILARY	0.014	21,253	735
ESTELA	0.014	21,253	736
VALARIE	0.014	21,253	737
BRIANNA	0.014	21,253	738
ROSALYN	0.014	21,253	739
EARLINE	0.014	21,253	740
CATALINA	0.014	21,253	741
AVA	0.014	21,253	742
MIA	0.014	21,253	743
CLARISSA	0.014	21,253	744
LIDIA	0.014	21,253	745
CORRINE	0.014	21,253	746
ALEXANDRIA	0.014	21,253	747
CONCEPCION	0.014	21,253	748
TIA	0.014	21,253	749
SHARRON	0.014	21,253	750
RAE	0.014	21,253	751
DONA	0.014	21,253	752
ERICKA	0.014	21,253	753
JAMI	0.014	21,253	754
ELNORA	0.014	21,253	755
CHANDRA	0.014	21,253	756
LENORE	0.014	21,253	757
NEVA	0.013	19,735	758
MARYLOU	0.013	19,735	759
MELISA	0.013	19,735	760
TABATHA	0.013	19,735	761
SERENA	0.013	19,735	762
AVIS	0.013	19,735	763
ALLIE	0.013	19,735	764
SOFIA	0.013	19,735	765
JEANIE	0.013	19,735	766
ODESSA	0.013	19,735	767
NANNIE	0.013	19,735	768
HARRIETT	0.013	19,735	769
LORAINE	0.013	19,735	770
PENELOPE	0.013	19,735	771
MILAGROS	0.013	19,735	772
EMILIA	0.013	19,735	773
BENITA	0.013	19,735	774
ALLYSON	0.013	19,735	775
ASHLEE	0.013	19,735	776
TANIA	0.013	19,735	777
TOMMIE	0.013	19,735	778
ESMERALDA	0.013	19,735	779
KARINA	0.013	19,735	780
EVE	0.013	19,735	781
PEARLIE	0.013	19,735	782
ZELMA	0.013	19,735	783
MALINDA	0.013	19,735	784
NOREEN	0.013	19,735	785
TAMEKA	0.013	19,735	786
SAUNDRA	0.013	19,735	787
HILLARY	0.013	19,735	788
AMIE	0.013	19,735	789
ALTHEA	0.012	18,217	790
ROSALINDA	0.012	18,217	791
JORDAN	0.012	18,217	792
LILIA	0.012	18,217	793
ALANA	0.012	18,217	794
GAY	0.012	18,217	795
CLARE	0.012	18,217	796
ALEJANDRA	0.012	18,217	797
ELINOR	0.012	18,217	798
MICHAEL	0.012	18,217	799
LORRIE	0.012	18,217	800
JERRI	0.012	18,217	801
DARCY	0.012	18,217	802
EARNESTINE	0.012	18,217	803
CARMELLA	0.012	18,217	804
TAYLOR	0.012	18,217	805
NOEMI	0.012	18,217	806
MARCIE	0.012	18,217	807
LIZA	0.012	18,217	808
ANNABELLE	0.012	18,217	809
LOUISA	0.012	18,217	810
EARLENE	0.012	18,217	811
MALLORY	0.012	18,217	812
CARLENE	0.012	18,217	813
NITA	0.012	18,217	814
SELENA	0.012	18,217	815
TANISHA	0.012	18,217	816
KATY	0.012	18,217	817
JULIANNE	0.012	18,217	818
JOHN	0.012	18,217	819
LAKISHA	0.011	16,699	820
EDWINA	0.011	16,699	821
MARICELA	0.011	16,699	822
MARGERY	0.011	16,699	823
KENYA	0.011	16,699	824
DOLLIE	0.011	16,699	825
ROXIE	0.011	16,699	826
ROSLYN	0.011	16,699	827
KATHRINE	0.011	16,699	828
NANETTE	0.011	16,699	829
CHARMAINE	0.011	16,699	830
LAVONNE	0.011	16,699	831
ILENE	0.011	16,699	832
KRIS	0.011	16,699	833
TAMMI	0.011	16,699	834
SUZETTE	0.011	16,699	835
CORINE	0.011	16,699	836
KAYE	0.011	16,699	837
JERRY	0.011	16,699	838
MERLE	0.011	16,699	839
CHRYSTAL	0.011	16,699	840
LINA	0.011	16,699	841
DEANNE	0.011	16,699	842
LILIAN	0.011	16,699	843
JULIANA	0.011	16,699	844
ALINE	0.011	16,699	845
LUANN	0.011	16,699	846
KASEY	0.011	16,699	847
MARYANNE	0.011	16,699	848
EVANGELINE	0.011	16,699	849
COLETTE	0.011	16,699	850
MELVA	0.011	16,699	851
LAWANDA	0.011	16,699	852
YESENIA	0.011	16,699	853
NADIA	0.011	16,699	854
MADGE	0.011	16,699	855
KATHIE	0.011	16,699	856
EDDIE	0.011	16,699	857
OPHELIA	0.011	16,699	858
VALERIA	0.011	16,699	859
NONA	0.011	16,699	860
MITZI	0.011	16,699	861
MARI	0.011	16,699	862
GEORGETTE	0.011	16,699	863
CLAUDINE	0.011	16,699	864
FRAN	0.011	16,699	865
ALISSA	0.011	16,699	866
ROSEANN	0.01	15,181	867
LAKEISHA	0.01	15,181	868
SUSANNA	0.01	15,181	869
REVA	0.01	15,181	870
DEIDRE	0.01	15,181	871
CHASITY	0.01	15,181	872
SHEREE	0.01	15,181	873
CARLY	0.01	15,181	874
JAMES	0.01	15,181	875
ELVIA	0.01	15,181	876
ALYCE	0.01	15,181	877
DEIRDRE	0.01	15,181	878
GENA	0.01	15,181	879
BRIANA	0.01	15,181	880
ARACELI	0.01	15,181	881
KATELYN	0.01	15,181	882
ROSANNE	0.01	15,181	883
WENDI	0.01	15,181	884
TESSA	0.01	15,181	885
BERTA	0.01	15,181	886
MARVA	0.01	15,181	887
IMELDA	0.01	15,181	888
MARIETTA	0.01	15,181	889
MARCI	0.01	15,181	890
LEONOR	0.01	15,181	891
ARLINE	0.01	15,181	892
SASHA	0.01	15,181	893
MADELYN	0.01	15,181	894
JANNA	0.01	15,181	895
JULIETTE	0.01	15,181	896
DEENA	0.01	15,181	897
AURELIA	0.01	15,181	898
JOSEFA	0.01	15,181	899
AUGUSTA	0.01	15,181	900
LILIANA	0.01	15,181	901
YOUNG	0.01	15,181	902
CHRISTIAN	0.01	15,181	903
LESSIE	0.01	15,181	904
AMALIA	0.01	15,181	905
SAVANNAH	0.01	15,181	906
ANASTASIA	0.01	15,181	907
VILMA	0.01	15,181	908
NATALIA	0.01	15,181	909
ROSELLA	0.01	15,181	910
LYNNETTE	0.01	15,181	911
CORINA	0.01	15,181	912
ALFREDA	0.009	13,663	913
LEANNA	0.009	13,663	914
CAREY	0.009	13,663	915
AMPARO	0.009	13,663	916
COLEEN	0.009	13,663	917
TAMRA	0.009	13,663	918
AISHA	0.009	13,663	919
WILDA	0.009	13,663	920
KARYN	0.009	13,663	921
CHERRY	0.009	13,663	922
QUEEN	0.009	13,663	923
MAURA	0.009	13,663	924
MAI	0.009	13,663	925
EVANGELINA	0.009	13,663	926
ROSANNA	0.009	13,663	927
HALLIE	0.009	13,663	928
ERNA	0.009	13,663	929
ENID	0.009	13,663	930
MARIANA	0.009	13,663	931
LACY	0.009	13,663	932
JULIET	0.009	13,663	933
JACKLYN	0.009	13,663	934
FREIDA	0.009	13,663	935
MADELEINE	0.009	13,663	936
MARA	0.009	13,663	937
HESTER	0.009	13,663	938
CATHRYN	0.009	13,663	939
LELIA	0.009	13,663	940
CASANDRA	0.009	13,663	941
BRIDGETT	0.009	13,663	942
ANGELITA	0.009	13,663	943
JANNIE	0.009	13,663	944
DIONNE	0.009	13,663	945
ANNMARIE	0.009	13,663	946
KATINA	0.009	13,663	947
BERYL	0.009	13,663	948
PHOEBE	0.009	13,663	949
MILLICENT	0.009	13,663	950
KATHERYN	0.009	13,663	951
DIANN	0.009	13,663	952
CARISSA	0.009	13,663	953
MARYELLEN	0.009	13,663	954
LIZ	0.009	13,663	955
LAURI	0.009	13,663	956
HELGA	0.009	13,663	957
GILDA	0.009	13,663	958
ADRIAN	0.009	13,663	959
RHEA	0.009	13,663	960
MARQUITA	0.009	13,663	961
HOLLIE	0.009	13,663	962
TISHA	0.009	13,663	963
TAMERA	0.009	13,663	964
ANGELIQUE	0.009	13,663	965
FRANCESCA	0.009	13,663	966
BRITNEY	0.009	13,663	967
KAITLIN	0.009	13,663	968
LOLITA	0.009	13,663	969
FLORINE	0.009	13,663	970
ROWENA	0.009	13,663	971
REYNA	0.009	13,663	972
TWILA	0.009	13,663	973
FANNY	0.009	13,663	974
JANELL	0.009	13,663	975
INES	0.009	13,663	976
CONCETTA	0.009	13,663	977
BERTIE	0.009	13,663	978
ALBA	0.009	13,663	979
BRIGITTE	0.009	13,663	980
ALYSON	0.009	13,663	981
VONDA	0.008	12,145	982
PANSY	0.008	12,145	983
ELBA	0.008	12,145	984
NOELLE	0.008	12,145	985
LETITIA	0.008	12,145	986
KITTY	0.008	12,145	987
DEANN	0.008	12,145	988
BRANDIE	0.008	12,145	989
LOUELLA	0.008	12,145	990
LETA	0.008	12,145	991
FELECIA	0.008	12,145	992
SHARLENE	0.008	12,145	993
LESA	0.008	12,145	994
BEVERLEY	0.008	12,145	995
ROBERT	0.008	12,145	996
ISABELLA	0.008	12,145	997
HERMINIA	0.008	12,145	998
TERRA	0.008	12,145	999
CELINA	0.008	12,145	1000